4294967279,398
4294967278,115
4294967278,114
4294967278,113
4294967278,112
4294967278,111
4294967278,110
4294967278,109
4294967278,108
4294967278,107
4294967278,106
4294967278,105
4294967278,104
4294967278,103
4294967278,102
4294967278,101
4294967278,100
4294967278,99
4294967278,98
4294967278,97
4294967278,96
4294967278,95
4294967278,94
4294967278,93
4294967278,92
4294967278,91
4294967278,90
4294967278,89
4294967278,87
4294967278,229
4294967278,86
4294967278,85
4294967278,84
4294967278,83
4294967278,82
4294967278,81
4294967278,80
4294967278,79
4294967278,78
4294967278,77
4294967278,76
4294967278,75
4294967278,74
4294967278,73
4294967278,72
4294967278,71
4294967278,70
4294967278,69
4294967278,68
4294967278,67
4294967278,66
4294967278,65
4294967278,64
4294967278,63
4294967278,62
4294967278,61
4294967278,60
4294967278,59
4294967278,58
4294967278,57
4294967278,56
4294967278,55
4294967278,54
4294967278,53
4294967278,52
4294967278,51
4294967278,50
4294967278,49
4294967278,48
4294967278,47
4294967278,46
4294967278,45
4294967278,44
4294967278,43
4294967278,42
4294967278,41
4294967278,40
4294967278,39
4294967278,38
4294967278,37
4294967278,36
4294967278,35
4294967278,34
4294967278,33
4294967278,32
4294967278,31
4294967278,30
4294967278,29
4294967278,28
4294967278,27
4294967278,26
4294967278,25
4294967278,24
4294967278,23
4294967278,22
4294967278,21
4294967278,20
4294967278,19
4294967278,18
4294967278,17
4294967278,16
4294967278,15
4294967278,14
4294967278,13
4294967278,12
4294967278,11
4294967278,10
4294967278,9
4294967278,8
4294967278,7
4294967278,6
4294967278,5
4294967278,4
4294967279,132
4294967279,131
4294967279,130
4294967279,129
4294967279,128
4294967279,127
4294967279,126
4294967279,125
4294967279,124
4294967279,123
4294967279,122
4294967279,121
4294967279,120
4294967279,119
4294967279,118
4294967279,117
4294967279,116
4294967279,115
4294967279,114
4294967279,113
4294967279,112
4294967279,111
4294967279,110
4294967279,109
4294967279,108
4294967279,107
4294967279,106
4294967279,105
4294967279,104
4294967279,103
4294967279,102
4294967279,101
4294967279,100
4294967279,99
4294967279,98
4294967279,97
4294967279,96
4294967279,95
4294967279,94
4294967279,93
4294967279,92
4294967279,91
4294967279,90
4294967279,89
4294967279,87
4294967279,86
4294967279,85
4294967279,84
4294967279,83
4294967279,82
4294967279,81
4294967279,80
4294967279,79
4294967279,78
4294967279,77
4294967279,76
4294967279,75
4294967279,74
4294967279,73
4294967279,72
4294967279,71
4294967279,70
4294967279,69
4294967279,68
4294967279,67
4294967279,66
4294967279,65
4294967279,64
4294967279,63
4294967279,62
4294967279,61
4294967279,60
4294967279,59
4294967279,58
4294967279,57
4294967279,56
4294967279,55
4294967279,54
4294967279,53
4294967279,52
4294967279,51
4294967279,50
4294967279,49
4294967279,48
4294967279,47
4294967279,46
4294967279,45
4294967279,44
4294967279,41
4294967279,40
4294967279,39
4294967279,37
4294967279,35
4294967279,34
4294967279,33
4294967279,32
4294967279,30
4294967279,27
4294967279,26
4294967279,25
4294967279,24
4294967279,23
4294967279,22
4294967279,21
4294967279,10
4294967279,9
4294967279,8
4294967279,7
4294967279,6
4294967279,5
4294967279,4
4294967294,30
4294967294,939
4294967294,938
4294967294,936
4294967294,935
4294967294,930
4294967294,919
4294967294,829
4294967294,827
4294967294,826
4294967294,825
4294967294,824
4294967294,60
4294967294,437
4294967294,472
4294967294,965
4294967294,421
189,6
189,5
189,4
189,3
189,2
189,1
4294967279,385
4294967278,569
188,5
188,4
188,3
188,2
188,1
4294967294,450
4294967294,455
4294967294,112
187,4
187,3
187,2
187,1
186,5
186,4
186,3
186,2
186,1
185,5
185,4
185,3
185,2
185,1
4294967279,308
4294967279,306
184,6
4294967279,397
184,5
184,4
184,3
184,2
184,1
4294967279,161
4294967279,160
4294967279,159
4294967279,158
183,4
183,3
183,2
183,1
4294967279,157
4294967278,332
4294967279,296
4294967278,331
4294967294,388
4294967279,295
4294967279,43
4294967279,42
4294967279,147
4294967279,144
4294967279,143
4294967279,142
4294967279,2
4294967279,38
4294967279,36
4294967279,31
4294967279,28
4294967279,29
4294967279,286
4294967279,139
4294967278,330
4294967279,273
4294967279,136
4294967279,133
4294967279,272
4294967279,271
182,6
4294967279,270
4294967279,291
182,5
182,4
182,3
182,2
182,1
4294967279,262
181,5
181,4
181,3
181,2
181,1
180,4
180,3
180,2
180,1
4294967294,395
4294967294,396
4294967294,179
4294967294,407
4294967294,420
4294967294,385
4294967294,404
4294967294,463
4294967294,108
4294967294,459
4294967294,175
179,5
179,4
179,3
179,2
179,1
4294967278,570
178,5
178,4
178,3
178,2
178,1
177,5
177,4
177,3
177,2
177,1
176,4
176,3
176,2
176,1
4294967294,468
4294967278,329
4294967279,218
4294967278,217
4294967279,216
4294967279,386
4294967279,260
4294967279,0
4294967279,20
4294967279,19
4294967279,18
4294967279,17
4294967279,16
4294967279,15
4294967279,14
4294967279,12
175,6
4294967294,76
4294967294,387
175,5
175,4
175,3
175,2
175,1
4294967294,393
4294967294,115
4294967294,1
4294967279,319
174,5
174,4
174,3
174,2
174,1
0,7
4294967294,42
4294967294,901
4294967294,186
4294967294,900
4294967294,390
173,4
173,3
173,2
173,1
4294967279,316
4294967294,29
4294967294,0
4294967279,384
4294967279,355
172,5
172,4
172,3
172,2
172,1
4294967279,379
4294967294,392
4294967294,46
4294967294,389
171,5
171,4
171,3
171,2
171,1
4294967279,352
4294967294,45
4294967294,444
4294967294,467
4294967294,169
4294967294,191
4294967294,451
4294967294,2
4294967294,44
170,5
170,4
170,3
170,2
170,1
4294967278,306
169,4
169,3
169,2
169,1
4294967294,27
4294967278,300
4294967279,301
4294967294,89
4294967294,469
4294967294,53
4294967294,51
4294967294,424
4294967294,43
4294967294,82
4294967294,107
4294967294,50
4294967294,92
4294967294,91
4294967294,90
4294967294,87
4294967294,86
4294967294,85
4294967294,84
4294967294,1413
4294967294,419
4294967294,948
4294967294,947
4294967294,918
4294967294,28
4294967294,917
4294967294,427
4294967294,96
4294967294,94
4294967294,9
4294967294,8
4294967294,22
4294967294,99
4294967294,81
4294967294,68
4294967294,11
4294967279,13
4294967279,11
4294967278,328
4294967294,5
4294967279,349
4294967278,327
4294967294,17
4294967294,67
4294967294,41
4294967294,417
4294967294,52
4294967294,470
4294967294,25
4294967294,949
4294967294,26
4294967294,93
4294967294,95
4294967294,969
4294967294,83
4294967294,899
0,5
4294967294,961
4294967294,964
4294967294,88
4294967294,7
4294967278,288
168,6
4294967279,292
168,5
168,4
4294967294,6
168,3
168,2
168,1
4294967279,376
4294967278,563
167,5
4294967278,285
167,4
167,3
167,2
167,1
4294967278,284
4294967279,269
166,4
166,3
166,2
166,1
4294967278,266
4294967279,396
165,5
165,4
165,3
165,2
165,1
4294967278,326
4294967279,341
164,5
164,4
164,3
164,2
164,1
4294967278,562
4294967278,561
163,5
163,4
163,3
163,2
163,1
4294967279,374
4294967294,944
4294967294,183
4294967294,116
4294967294,184
4294967294,461
162,4
162,3
162,2
162,1
4294967279,243
4294967278,560
4294967278,565
4294967278,231
4294967294,436
4294967294,908
4294967279,395
161,6
161,5
161,4
161,3
161,2
161,1
